"","ENSG00000277146.1","ENSG00000188399.5","ENSG00000231514.1","ENSG00000235857.1","ENSG00000233843.1","ENSG00000224240.1","ENSG00000237917.1","ENSG00000227629.1","ENSG00000215506.5","ENSP00000005587.2","ENSP00000009530.7","ENSP00000216392.7","ENSP00000226253.4","ENSP00000247470.9","ENSP00000249071.6","ENSP00000257555.5","ENSP00000258662.1","ENSP00000262233.7","ENSP00000262644.4","ENSP00000262776.2","ENSP00000263278.3","ENSP00000263398.6","ENSP00000266556.7","ENSP00000267568.4","ENSP00000277746.6","ENSP00000283206.4","ENSP00000287934.2","ENSP00000289902.1","ENSP00000293373.6","ENSP00000294435.7","ENSP00000295095.6","ENSP00000299736.4","ENSP00000299759.6","ENSP00000301776.5","ENSP00000305675.4","ENSP00000306565.5","ENSP00000311888.4","ENSP00000318318.6","ENSP00000328923.2","ENSP00000331260.2","ENSP00000332887.6","ENSP00000334113.5","ENSP00000339581.3","ENSP00000342278.4","ENSP00000342557.2","ENSP00000343032.5","ENSP00000344577.2","ENSP00000350848.2","ENSP00000352144.3","ENSP00000358719.3","ENSP00000359497.3","ENSP00000359727.4","ENSP00000363965.1","ENSP00000365012.2","ENSP00000368959.4","ENSP00000370394.3","ENSP00000376349.2","ENSP00000382026.4","ENSP00000383155.2","ENSP00000385478.2","ENSP00000391453.1","ENSP00000396874.2","ENSP00000408288.3","ENSP00000418571.4","ENSP00000427463.1","ENSP00000428657.2","ENSP00000432799.3","ENSP00000448911.2","ENSP00000465281.1","ENSP00000500245.1"
"ENSG00000277146.1",0,0.972155918629362,1,0.980175874107342,0.937291681633528,0.984452276254417,0.940908133569443,0.932826339613537,0.949721417496954,0.265288933722014,0.309271495410679,0.296597329786755,0.309012918082568,0.336444903518114,0.258550934582632,0.26532848278885,0.361335204488662,0.316212972135604,0.270107846383243,0.264746551625337,0.262522277902678,0.282519564698243,0.263281266801244,0.345216075708236,0.316269495958229,0.291549974922282,0.279068192577871,0.293577906174137,0.30624755576098,0.298693542083362,0.289074950126902,0.383454067565095,0.437029900225612,0.318007618997469,0.28811697229167,0.330159017677329,0.351443256020581,0.27297300900041,0.358347536192606,0.299343513905234,0.419216597887911,0.407592536417324,0.276866962356175,0.279102940268322,0.337302430120797,0.318001662639623,0.304056341808172,0.41625429400547,0.262688766272041,0.288594763642125,0.28730486356562,0.28935152402649,0.269155367904626,0.329278446631315,0.358857458315911,0.325079982989036,0.300580818100578,0.312291866687405,0.300358547212235,0.32496903008258,0.31666220768893,0.316703658207363,0.379599539121579,0.284747733377488,0.26073693098148,0.283975942677073,0.328953296415564,0.272351373736012,0.267291143025212,0.283164990540056
"ENSG00000188399.5",0.972155918629362,0,0.971338597370133,0.95691550114508,0.965689068797535,0.949011809444247,0.964163915237393,0.953599364807776,0.943497547429684,0.264743061168905,0.310812722537554,0.30277960565013,0.3052724773153,0.336756122776743,0.257506358363402,0.261202680025922,0.356043358777473,0.312942394001685,0.275262224939571,0.260816009497492,0.277965804559385,0.27905274561494,0.261209942847542,0.333865084396639,0.313298867139895,0.292176179775342,0.28136923566066,0.301624273419598,0.31052661811334,0.301349383240054,0.285881462754365,0.37156155448184,0.424411685235074,0.319939554956332,0.274640738763355,0.335707765952192,0.352014553464452,0.276258822828489,0.352545794662275,0.290813333738648,0.409298710844334,0.415196149839204,0.281242613263011,0.281356247013475,0.32817103105777,0.315131918275857,0.309733420510482,0.414602192470802,0.25950689822591,0.285996300646485,0.302342713239671,0.286021965713509,0.273508178571456,0.327465837205646,0.347190676752204,0.323458325636023,0.298855065436246,0.310700557448494,0.302239307135901,0.315147276213449,0.314023711927556,0.312207395158313,0.384056944097288,0.27877602561114,0.262129063813797,0.273092174675697,0.33448687815601,0.273198494119087,0.268610746538095,0.273579038104703
"ENSG00000231514.1",1,0.971338597370133,0,0.954948255796745,0.938912309631792,0.979663384148635,0.959814242335132,0.940853271279459,0.946582109581429,0.268517735060656,0.310211099830918,0.281375169039513,0.313339182203445,0.344122042031974,0.266898461763449,0.260970312336462,0.350386055063948,0.317994893512633,0.267865491716733,0.265858601942599,0.267490509200016,0.282558159390691,0.263649060508874,0.341309651802616,0.306210658057237,0.291491461767663,0.27596802089769,0.290804893818696,0.305492068939429,0.305124890074349,0.289115055618187,0.379233061326477,0.428963213380999,0.317162832194021,0.277590422790426,0.328541325393859,0.353886296693558,0.270380327700054,0.358522362773602,0.295748725026906,0.411575726787384,0.406977356201014,0.28072846602506,0.281896882293636,0.327819477793197,0.309702407157926,0.301537983142927,0.419252610770852,0.262153151559,0.285281472490386,0.284779410210863,0.283333409491009,0.274981288434952,0.327648311300541,0.349864962219465,0.325200779062026,0.292186529483059,0.314343245779977,0.300035659767936,0.325435513178423,0.322909472821629,0.310873092048065,0.39032066792741,0.285550724713264,0.265035803350078,0.27909736733722,0.330967219259003,0.267147302045348,0.261664627719776,0.270085358023803
"ENSG00000235857.1",0.980175874107342,0.95691550114508,0.954948255796745,0,0.972345551707333,0.936742558486936,0.942568884179759,0.945216954341514,0.936248399184908,0.263996254322792,0.302170565939578,0.285704637282341,0.299414205587409,0.333122342643952,0.260090998520517,0.259668037039733,0.353975750533091,0.314281110220041,0.265512269533942,0.260008159412524,0.261244907440455,0.274085403301017,0.258298390017711,0.336877966963394,0.306049868659174,0.291241468079307,0.273113025075674,0.29207409989335,0.305979038660097,0.297923671441421,0.286443895707469,0.378911555590003,0.426104114898417,0.310651580844458,0.274043436052959,0.326942609588239,0.34813287575704,0.27567549927381,0.349385464123685,0.292141122339231,0.401912601138362,0.423017577396713,0.282611494865669,0.28155885295489,0.334506136997171,0.303111646370411,0.305724214530101,0.424551999928802,0.260625288397798,0.288931581040564,0.283786523361109,0.279344348651774,0.2694938308939,0.315582369724771,0.356691711055967,0.314821619307135,0.296100977355139,0.307904539176568,0.296512979234773,0.314524444664668,0.315314406337521,0.30972923125172,0.370632337902654,0.279336596379928,0.260844547782795,0.273320445744804,0.334084951870554,0.268107930457929,0.263505822711258,0.274522286242
"ENSG00000233843.1",0.937291681633528,0.965689068797535,0.938912309631792,0.972345551707333,0,0.954615186644558,0.939203029624664,0.940440909505226,0.930227792088357,0.265465062498572,0.307132061736479,0.286911127991616,0.29074612352826,0.32723295958844,0.245438988100165,0.255902684936982,0.34433432866285,0.303895269346194,0.259403914558984,0.258376560676696,0.259312036895238,0.272668255478599,0.256949833229436,0.339841848308892,0.297067150841883,0.287750021709898,0.270080864194695,0.294101678659138,0.299546784327005,0.292384630545884,0.281846160057733,0.377331380078831,0.430673166793279,0.30894800015903,0.266921797930156,0.330241756201741,0.343803087424526,0.266885587068082,0.348587307609212,0.280279361851425,0.396913891065483,0.403146417089713,0.276710504628794,0.266605139206515,0.323705104988979,0.308341787336447,0.302093353981572,0.413818908356801,0.254244201163428,0.279449985577278,0.288915522121143,0.279064568454115,0.260627006455429,0.320531493780511,0.354183227955928,0.314779593200381,0.290505662068036,0.311256764086502,0.285764360097012,0.308047837953477,0.320620854941142,0.309187177788486,0.368906554734115,0.276802493518744,0.264671524704571,0.274299163494443,0.33458917616666,0.269954795292113,0.257977821470198,0.266061263619827
"ENSG00000224240.1",0.984452276254417,0.949011809444247,0.979663384148635,0.936742558486936,0.954615186644558,0,0.893871589603661,0.936071751614585,0.940426236553808,0.261816352309242,0.309071904448363,0.285248990249346,0.300279002689154,0.330350958703897,0.259197811070119,0.258716933600821,0.350651195121797,0.305675006927846,0.266293281100722,0.258794595504735,0.264918174101653,0.276263361035634,0.255962057616988,0.332232359469071,0.301491397415968,0.284759547915864,0.279722878393964,0.293675402129423,0.303978451430472,0.293383740428564,0.288175932152073,0.374621096496751,0.427953701082019,0.306120878344308,0.269991851424408,0.325827249858821,0.345212150274411,0.265588103217458,0.35293910688619,0.296109005790994,0.398238221974095,0.410595223347078,0.273885019273154,0.267883588625195,0.325421968780501,0.313812313768076,0.303190808482449,0.409997815464329,0.253942718518263,0.278568445126273,0.283804063663674,0.280655781696838,0.266104048109828,0.312279052306623,0.350396331998885,0.320589925467769,0.283312604097455,0.302621932183572,0.298519311497331,0.310823037862272,0.315149855591043,0.309535460471581,0.381784470180559,0.283877878872038,0.255949780713065,0.273852484307802,0.330058903686362,0.275188450588404,0.254608909614339,0.272919380537409
"ENSG00000237917.1",0.940908133569443,0.964163915237393,0.959814242335132,0.942568884179759,0.939203029624664,0.893871589603661,0,0.937316345357973,0.890379615714737,0.257309973802241,0.289640477379011,0.293515195461267,0.300491025522982,0.326109982927703,0.246795292988821,0.247673526691012,0.336606029241615,0.310028680598083,0.26093761233405,0.249057206971708,0.259483128394705,0.269891309591787,0.25849704004489,0.329857851393991,0.302262976475702,0.280009902072745,0.269683560927068,0.287191601619293,0.298002961786153,0.288299913214531,0.277829604187541,0.374550166559793,0.418710971453067,0.302319699963619,0.271901550155177,0.331085150470119,0.337666659755722,0.266664046441852,0.338206054149786,0.291935470463216,0.39419313726092,0.404991737740306,0.273670467070711,0.266682681306706,0.32613386117399,0.300557906496322,0.292544280341279,0.406869859365915,0.252543654568259,0.279377874919337,0.274360053238123,0.279503074520413,0.258310626870829,0.313833458665204,0.346542087430924,0.306232696376899,0.286887899870311,0.304461962323312,0.290028395785276,0.316014431318312,0.310708966810974,0.302152801921206,0.370346525670042,0.26747337974868,0.253454986460393,0.269236677781598,0.320737658956008,0.265017987818279,0.255857904494053,0.264154933360052
"ENSG00000227629.1",0.932826339613537,0.953599364807776,0.940853271279459,0.945216954341514,0.940440909505226,0.936071751614585,0.937316345357973,0,0.932975951464933,0.264486956003465,0.301755868482566,0.294135297037606,0.304003205490398,0.336068490895617,0.249130386106504,0.253609337438149,0.352890045012996,0.307737556549867,0.268484882762413,0.257203604973761,0.265743277438685,0.280629731446576,0.258745502071852,0.333107974367631,0.306462442358247,0.285514003220812,0.27065318570681,0.29473180277636,0.306933599030653,0.292313122749162,0.281798066622048,0.377664055288275,0.416394784330336,0.303092790432569,0.27495879620254,0.340129310546867,0.345345748477993,0.271545808287925,0.356597816435245,0.288681195090386,0.40130552917142,0.403622575422624,0.275085611230625,0.27485528154272,0.327017777623016,0.305724006866028,0.300907416407199,0.413024479633257,0.255870113823873,0.27972159521917,0.284830057584669,0.2840662562211,0.262018136099755,0.31037797940656,0.337368946715295,0.313086541451047,0.295176974980669,0.306856460382301,0.290195048281045,0.307513447170939,0.305438529815684,0.2981443383355,0.36935227696315,0.274664522487037,0.256531974080411,0.268399016115047,0.323294264588988,0.26998453508012,0.25815036189576,0.270050261680464
"ENSG00000215506.5",0.949721417496954,0.943497547429684,0.946582109581429,0.936248399184908,0.930227792088357,0.940426236553808,0.890379615714737,0.932975951464933,0,0.258800552130619,0.301829342644845,0.283574605366157,0.288900279534665,0.3331895120207,0.248845147723693,0.251246299903157,0.342317311001961,0.307253656853204,0.25938512239085,0.25356012995512,0.249301083569274,0.270017399446459,0.255475541123092,0.331057853675944,0.304804146195731,0.2781625441244,0.260593083707827,0.292085421684543,0.294416632922245,0.283064965966778,0.28321886530047,0.363139850023521,0.410735072118554,0.299747895402883,0.269762399583031,0.324487029438266,0.331218652318496,0.262902788611984,0.34171979737732,0.284063573481267,0.386731442339869,0.402633633049508,0.273829973443359,0.264971910697867,0.326354034025434,0.30000472543336,0.285417258346144,0.418896411888891,0.253516373854227,0.28178171322352,0.277195448856195,0.27455252759694,0.256984633188977,0.298602328659515,0.345783836388189,0.319961936935883,0.291256356125398,0.294714658316649,0.28819108795414,0.312473378427583,0.306304765638752,0.299697903511872,0.362508523964692,0.277793847098506,0.248227677995362,0.273369836840934,0.330696660735649,0.268863119774036,0.250290045280516,0.266032038389719
"ENSP00000005587.2",0.265288933722014,0.264743061168905,0.268517735060656,0.263996254322792,0.265465062498572,0.261816352309242,0.257309973802241,0.264486956003465,0.258800552130619,0,0.0829991316897322,0.0775194605402914,0.0805491169213163,0.0882885319163278,0.0674878045429257,0.0685927429024356,0.0921014963525804,0.0842349979231113,0.071437632779241,0.0698152234424208,0.0719702935046455,0.0725056752136677,0.0689702949660271,0.0921660789226374,0.0821154308219068,0.0757610506975234,0.0739925050949287,0.0788534753146678,0.0800390448690576,0.0794341288407022,0.0764191547185204,0.101160762970072,0.111924755785455,0.0827551676619469,0.0749212180160636,0.0892872512231427,0.0913011700453735,0.0722561186193799,0.0958760374271115,0.078386126958407,0.109493967154764,0.107713641862985,0.0732572966210003,0.0729936685497786,0.0884426090518882,0.0824704747160921,0.0807473098058333,0.111745217823039,0.069044861102245,0.0770910570422976,0.0752634691304889,0.0758670382995335,0.0710734786808768,0.0832898565006666,0.0912633233215978,0.0857350288020335,0.0795074535055488,0.0805704521017141,0.0793899090202321,0.0854983430247864,0.0835889026850282,0.0828939540237023,0.102021102523751,0.0745925929786124,0.0691336649285541,0.0736724223167533,0.0887818439775677,0.0726168448186761,0.0696550930298378,0.0717373071468844
"ENSP00000009530.7",0.309271495410679,0.310812722537554,0.310211099830918,0.302170565939578,0.307132061736479,0.309071904448363,0.289640477379011,0.301755868482566,0.301829342644845,0.0829991316897322,0,0.088835624075241,0.0936458574628389,0.104779720196722,0.0802224648356841,0.0812822257721176,0.107674287292589,0.0959659061339728,0.0827519049312272,0.0800132029180494,0.0807994389135734,0.0867849402713074,0.0803914166244585,0.104197115080301,0.093710611106969,0.0871722120464043,0.085369930708777,0.0914292059894559,0.0949536742713815,0.0927403946616474,0.0871878565330445,0.116080784122124,0.132864634605632,0.0957975327312819,0.0849503780359862,0.103055591476538,0.104060312525728,0.0834728244704505,0.108133106085611,0.0906342733002129,0.12634996495711,0.12769250456365,0.0858920988784642,0.0873889472692614,0.101786973364633,0.0962283182657379,0.0953213823251283,0.129426204260498,0.0797852543102835,0.0883971328339992,0.0867525328452356,0.0875789369106403,0.0834328563993783,0.098753994174613,0.108920626804224,0.0998995738144004,0.0911999513737123,0.0970206693824695,0.0907729523911858,0.097998928035059,0.0992195159723869,0.0966021806999521,0.119377182993584,0.0872671814096614,0.0809919605036999,0.0846412479640922,0.100449990204272,0.0829661794486045,0.0824450587631858,0.085026759353066
"ENSP00000216392.7",0.296597329786755,0.30277960565013,0.281375169039513,0.285704637282341,0.286911127991616,0.285248990249346,0.293515195461267,0.294135297037606,0.283574605366157,0.0775194605402914,0.088835624075241,0,0.0881753813809457,0.0975377329558252,0.0730348493835557,0.0753497710648759,0.102554113532885,0.0905986991840557,0.0796679242875625,0.0767947219626293,0.0783502401075654,0.0800498942723058,0.0790458201625377,0.0987278974546955,0.0908416159267975,0.0855998072884434,0.0814583169693197,0.0866394880003534,0.0898012695768508,0.0876207392412614,0.0845616786993958,0.111788948314399,0.128135087244198,0.0920810492590935,0.0819264862065001,0.0969865370608585,0.103304399329696,0.0797715218642804,0.102765356411202,0.0857701853758491,0.120269969136773,0.119709123146489,0.0830001434937941,0.080693126093165,0.0966570813392653,0.0917051260048903,0.0888819050505006,0.122787307058386,0.0761798295048862,0.0836915077107115,0.0837939416878072,0.0841528344544116,0.080056271688469,0.0932689323868236,0.102794768791323,0.0940705763965249,0.088070039759986,0.0915824300540576,0.0897916558737732,0.0922784074503395,0.0964576211435855,0.0917220230087141,0.112032850167715,0.0812780092830681,0.0771872153516488,0.0803222239342548,0.0949310128618351,0.0826027241544371,0.079115520790085,0.0812512369565551
"ENSP00000226253.4",0.309012918082568,0.3052724773153,0.313339182203445,0.299414205587409,0.29074612352826,0.300279002689154,0.300491025522982,0.304003205490398,0.288900279534665,0.0805491169213163,0.0936458574628389,0.0881753813809457,0,0.100471058304726,0.0776683129208622,0.0793318249608246,0.106403691304721,0.0947304777313651,0.0825328937241154,0.0800506233175369,0.0829736137625665,0.0850158636735407,0.0802602362801814,0.102007292349045,0.0928501559653619,0.0870750332574004,0.0827889475604961,0.0901544668244348,0.0948260008319564,0.0900971190156675,0.087132536968179,0.116549505801531,0.128265602507807,0.0950531890058554,0.0855622288991887,0.103228644499979,0.106251686925575,0.0840454567692799,0.110202004572982,0.0905211510994452,0.123176598944329,0.123187892755322,0.0858020521681867,0.0837084415922195,0.0982091242867028,0.0947231670839812,0.092959479834635,0.128672529012418,0.0778004006514837,0.08839580294717,0.089847234925508,0.0863848264840036,0.0806691534205287,0.097614767481251,0.106226858235148,0.0972357888582604,0.0883232756978606,0.0926792761003633,0.090044095037765,0.0950800514910644,0.0957489403234151,0.093255018258862,0.114249052738459,0.0861954673559701,0.0795629090947489,0.0843604977508895,0.0988508880894526,0.0817729575941631,0.079314109702787,0.084109165109049
"ENSP00000247470.9",0.336444903518114,0.336756122776743,0.344122042031974,0.333122342643952,0.32723295958844,0.330350958703897,0.326109982927703,0.336068490895617,0.3331895120207,0.0882885319163278,0.104779720196722,0.0975377329558252,0.100471058304726,0,0.0873666996354201,0.0871678461383331,0.12061606165669,0.106727817031807,0.0884639521998686,0.0876278636560433,0.0887710457111408,0.0929671743755989,0.087237888265854,0.11409359363787,0.104724165492961,0.0972663137354446,0.0921244985205594,0.0981941989721817,0.102623947218151,0.0988528593864235,0.0947956888803721,0.128499892132773,0.142403011034107,0.106275195792162,0.0931345466840851,0.112465020204141,0.120348558629784,0.093381433129715,0.117423112457962,0.0991023008114703,0.134700034238822,0.136878786333805,0.0959213688327239,0.0934459735368768,0.109228191942462,0.103070972939671,0.101144211453226,0.138894821391903,0.0856288718503981,0.0964386255305548,0.0956462572322917,0.094965900338266,0.0886974589732077,0.103706655855285,0.121731852646643,0.107899232192351,0.0984147476412964,0.104437861926182,0.0982729836762052,0.106099106323849,0.106017613453809,0.103490636430367,0.127490272765368,0.0950699519751058,0.0863768845546588,0.0926622708877321,0.112097250294583,0.0912879007791493,0.0877085589608311,0.0934906014151117
"ENSP00000249071.6",0.258550934582632,0.257506358363402,0.266898461763449,0.260090998520517,0.245438988100165,0.259197811070119,0.246795292988821,0.249130386106504,0.248845147723693,0.0674878045429257,0.0802224648356841,0.0730348493835557,0.0776683129208622,0.0873666996354201,0,0.0670726779188252,0.0898376101824318,0.0798069578285514,0.0691966607843346,0.0670928758729018,0.0691555185637724,0.0734133700687898,0.0664597960507056,0.0860500568263832,0.079051158221295,0.0728602044530969,0.0706127144148858,0.0759827799506347,0.0795699606640596,0.0756503880684721,0.0740090286147282,0.0969388407030525,0.107121256694196,0.0822285242612836,0.0717826827175336,0.0838736702955643,0.0901360913829409,0.0694186404255988,0.0904117997905866,0.0758160586317493,0.104627318307887,0.109755699644693,0.0722609484185206,0.072332229971067,0.0832416050153197,0.0800021590580589,0.0783516092986094,0.10804676265459,0.0657744939910555,0.0719780314748342,0.072451675528322,0.0733031395109307,0.0687357679695346,0.0804956079748275,0.0910907977672875,0.0812112259730707,0.0763905357116351,0.081088042066817,0.0762295918664758,0.0826277547822091,0.0816295191371137,0.0778134526206537,0.0986509403335814,0.0720553933344381,0.0675086726846839,0.0738944005655085,0.0863833454707369,0.0703083107434684,0.0665533243203962,0.0716657646916947
"ENSP00000257555.5",0.26532848278885,0.261202680025922,0.260970312336462,0.259668037039733,0.255902684936982,0.258716933600821,0.247673526691012,0.253609337438149,0.251246299903157,0.0685927429024356,0.0812822257721176,0.0753497710648759,0.0793318249608246,0.0871678461383331,0.0670726779188252,0,0.0902382793455044,0.0832056498743909,0.0724818814286191,0.0679779099996367,0.0689899390417222,0.0729298496140373,0.0693718557623817,0.0866387333500767,0.0791348222553722,0.0752639733213965,0.0704856747241108,0.0754166402634347,0.080928105340396,0.0774648643387311,0.0749679268919233,0.100099294954019,0.112505359443168,0.0822604786605499,0.0714728967272897,0.0868077740494387,0.0907174107473689,0.0707812832918777,0.0929401958486866,0.0771098654031526,0.107709221643794,0.103628746316571,0.0724984276001475,0.0727260989418987,0.0865428354291395,0.0804727002580169,0.0805349370576846,0.110480962197815,0.0668499558769593,0.0755603939246386,0.0748656794358983,0.0751908780036971,0.0696092514518146,0.0836398203271172,0.0906788017489384,0.0835620689820819,0.0780638776523424,0.0809264819005348,0.0775719326175875,0.0826564912555364,0.0816027014164348,0.0811020332168597,0.101754969878648,0.0741378878882141,0.0672094269314295,0.0710485487449617,0.0870216577621114,0.0703950271718048,0.0669832140484054,0.0695426141705117
"ENSP00000258662.1",0.361335204488662,0.356043358777473,0.350386055063948,0.353975750533091,0.34433432866285,0.350651195121797,0.336606029241615,0.352890045012996,0.342317311001961,0.0921014963525804,0.107674287292589,0.102554113532885,0.106403691304721,0.12061606165669,0.0898376101824318,0.0902382793455044,0,0.108992778799649,0.0942652789027321,0.0899727474424676,0.0930509628423665,0.100168063510675,0.0907889401194192,0.119512561229052,0.108933638135565,0.102110190041396,0.0951074059639976,0.104005074452409,0.108365738144359,0.103837304572343,0.0990834411895157,0.133304210131768,0.14877317937588,0.109130573253542,0.0956905115054075,0.116043029770991,0.123026438951323,0.0947106775223026,0.122252774838979,0.10214612144784,0.147210558082294,0.145869665800124,0.0975033093917674,0.0963244669995198,0.1150189871417,0.105999514126049,0.107292853293965,0.145820716322042,0.0895190449645002,0.101578758624052,0.0988494245408258,0.0992122544831577,0.0952003579238323,0.112370237324263,0.126778603032972,0.111729313924656,0.103170355802177,0.106558079236986,0.101839823342749,0.109875311667987,0.110610272636537,0.106856864210683,0.131929128666292,0.100363993344822,0.0889827964592719,0.0994358590712605,0.113318190732849,0.0966348225112545,0.091308441584219,0.097826422090203
"ENSP00000262233.7",0.316212972135604,0.312942394001685,0.317994893512633,0.314281110220041,0.303895269346194,0.305675006927846,0.310028680598083,0.307737556549867,0.307253656853204,0.0842349979231113,0.0959659061339728,0.0905986991840557,0.0947304777313651,0.106727817031807,0.0798069578285514,0.0832056498743909,0.108992778799649,0,0.0835415538521858,0.0821734823424301,0.0848394966762265,0.0872944357716726,0.0796032903309495,0.107915790756252,0.0951970295651147,0.0908114115338228,0.0860169952703582,0.0938751983092029,0.0946810043907788,0.0948527096258534,0.0895104469697071,0.119211251244001,0.132540753519154,0.0973660739936265,0.0885352767083621,0.104777749159354,0.107103411367277,0.0862987698921137,0.113034192551936,0.0922810157387675,0.129323025072095,0.125684005429437,0.0872021056928042,0.0851503141406956,0.103056691123336,0.0953783703654072,0.0951076869167084,0.132871402361977,0.0810494341755384,0.0892902676511913,0.0869230121534562,0.0870873026019281,0.0849745869917615,0.0969977587665312,0.111516721377277,0.0994258020610095,0.0893484572659745,0.0958701366652904,0.0930797890845645,0.100203059078528,0.0968617284538119,0.0961164797132911,0.118833672199717,0.087633667443244,0.0823219682711665,0.0880222744224983,0.103133836995315,0.0840498195362826,0.0813206154983469,0.0861620750465689
"ENSP00000262644.4",0.270107846383243,0.275262224939571,0.267865491716733,0.265512269533942,0.259403914558984,0.266293281100722,0.26093761233405,0.268484882762413,0.25938512239085,0.071437632779241,0.0827519049312272,0.0796679242875625,0.0825328937241154,0.0884639521998686,0.0691966607843346,0.0724818814286191,0.0942652789027321,0.0835415538521858,0,0.0714226545997529,0.0709599435695187,0.0746612079205011,0.0704265630450686,0.0920226242503971,0.0828188772303148,0.0781108198350386,0.0750011893653883,0.0810267185007451,0.0835478275947401,0.0841242532356278,0.0776707859588653,0.103677686105381,0.114691054940584,0.0852984795511713,0.0750708928963879,0.0891679299181041,0.0919624346439803,0.0739081393874913,0.0954789126146233,0.0790457082253471,0.109152675793306,0.108656030543269,0.0750246441922679,0.0757547916078306,0.0894316757037826,0.0843865960547842,0.0824247123773477,0.114820851692687,0.070219966239802,0.0770812850748807,0.0774346959310191,0.0768198390210244,0.0720396468064545,0.0855550198569656,0.0940524526769416,0.084766395040472,0.0823843562692716,0.0849654914282563,0.0793519303842331,0.0851916705427616,0.0855653395731948,0.0830064593346812,0.102896473622953,0.075828789516352,0.0693130608388479,0.0751028327431751,0.0917403942784281,0.0713621126623058,0.0683403858145319,0.0740086404498143
"ENSP00000262776.2",0.264746551625337,0.260816009497492,0.265858601942599,0.260008159412524,0.258376560676696,0.258794595504735,0.249057206971708,0.257203604973761,0.25356012995512,0.0698152234424208,0.0800132029180494,0.0767947219626293,0.0800506233175369,0.0876278636560433,0.0670928758729018,0.0679779099996367,0.0899727474424676,0.0821734823424301,0.0714226545997529,0,0.067766133267661,0.0724974838743805,0.0671277343540924,0.088559644468246,0.0779836345222961,0.07504346359796,0.074240478902028,0.0763435689270589,0.0785484351359685,0.0785155475863591,0.0748413476826675,0.0977769420798008,0.111645252418511,0.0814783227308575,0.0720984296747849,0.0868086668182484,0.0927973940781732,0.0706416322427996,0.0909605065626351,0.076688722594612,0.104730999593126,0.108283393412334,0.0749680221966806,0.0744558810539937,0.0867939547828994,0.0802081605297752,0.078529440322168,0.108335574860378,0.0670185644481814,0.0749400743598952,0.0743143429232927,0.0727267995136018,0.0694788737342316,0.0832469740601365,0.0931228346964586,0.0861523611378361,0.0767809506746104,0.0822427834396417,0.0767102935792034,0.0819493341472319,0.0820306939027002,0.0813405438990552,0.0980753299045683,0.0734626116264414,0.0680424457010429,0.071034156296533,0.0863553948296523,0.0713331409876351,0.0675880455224935,0.0694705186779943
"ENSP00000263278.3",0.262522277902678,0.277965804559385,0.267490509200016,0.261244907440455,0.259312036895238,0.264918174101653,0.259483128394705,0.265743277438685,0.249301083569274,0.0719702935046455,0.0807994389135734,0.0783502401075654,0.0829736137625665,0.0887710457111408,0.0691555185637724,0.0689899390417222,0.0930509628423665,0.0848394966762265,0.0709599435695187,0.067766133267661,0,0.0733710820493512,0.069558047975062,0.0900760556687999,0.0826031490099421,0.0762973938401941,0.07281102500952,0.0779809756882461,0.0829345971866598,0.0772728256636326,0.0747952105884387,0.102809299860475,0.113465954677002,0.0827173443834273,0.0741357574731982,0.090645477947833,0.0940003830200675,0.0704425612192721,0.0949066141360433,0.077966924927296,0.104821254151742,0.107142516389273,0.0740568312504089,0.0746961825548514,0.0878836565096284,0.0826134172659317,0.0808256177709502,0.112470524080366,0.0707789383082037,0.0748782747995709,0.0763052173660058,0.0766773415112498,0.0723076785654209,0.0844323178436066,0.09310200911427,0.0855550254829911,0.0783620638772217,0.0830292123790088,0.0785757523773289,0.0842887603695542,0.0842509960557571,0.0830491364361879,0.102441611160402,0.0738080893934611,0.0703604409592748,0.0721286918837683,0.0880239513056076,0.0730384648404297,0.0699172517134746,0.072304660626514
"ENSP00000263398.6",0.282519564698243,0.27905274561494,0.282558159390691,0.274085403301017,0.272668255478599,0.276263361035634,0.269891309591787,0.280629731446576,0.270017399446459,0.0725056752136677,0.0867849402713074,0.0800498942723058,0.0850158636735407,0.0929671743755989,0.0734133700687898,0.0729298496140373,0.100168063510675,0.0872944357716726,0.0746612079205011,0.0724974838743805,0.0733710820493512,0,0.0709293678519817,0.0950808171622114,0.0868389105518005,0.0819779662243527,0.0755705994457753,0.0816379785429323,0.0842812178753738,0.0823203804181477,0.0807274183415967,0.105197436311151,0.118146837559102,0.0890241200333812,0.0771559426407541,0.0927609169576209,0.0964907622700422,0.075732758524785,0.0984389861491496,0.0824078039858163,0.110444898833171,0.114822156586744,0.0781195739245516,0.0776123031439057,0.0911034108843067,0.0851517912084841,0.0833427335521932,0.116352966392855,0.0705404635685485,0.0796813750661551,0.0809581569548662,0.0810630385191493,0.0732648996483924,0.0893875014648792,0.0973059972365747,0.0890526803328085,0.0830129976106667,0.0854844103251248,0.0825788619753281,0.0905098082105959,0.0872297951760111,0.0871368410554509,0.107212576745582,0.0803883156029989,0.0728983344721395,0.0786248228740925,0.0909856025194231,0.0739678720360631,0.0725091024902611,0.0766548568857294
"ENSP00000266556.7",0.263281266801244,0.261209942847542,0.263649060508874,0.258298390017711,0.256949833229436,0.255962057616988,0.25849704004489,0.258745502071852,0.255475541123092,0.0689702949660271,0.0803914166244585,0.0790458201625377,0.0802602362801814,0.087237888265854,0.0664597960507056,0.0693718557623817,0.0907889401194192,0.0796032903309495,0.0704265630450686,0.0671277343540924,0.069558047975062,0.0709293678519817,0,0.0895577303925687,0.0802894110946708,0.0757279579410031,0.0720303138775606,0.0769328661002055,0.0791052697797122,0.078049464518101,0.0741689204775644,0.0984549457067211,0.111341790404718,0.0822805145177303,0.0736601446606396,0.0867352990679307,0.0904952876367625,0.0719549163704094,0.0922054194933492,0.0757154425801232,0.109023823175063,0.107854113728256,0.0719927247367955,0.0733447598126204,0.0854281937380871,0.0825473602188583,0.0790287017206804,0.107102796423314,0.0672525903003748,0.0758833606261912,0.0734282248238346,0.0736492457226813,0.0701596288867138,0.0828522553553466,0.0916720611897876,0.0848062609348173,0.0769785820431034,0.0810471399980849,0.077913154758269,0.0834058458191694,0.0830227538163362,0.080334853964922,0.101503301395457,0.0721358865637145,0.0680147863360745,0.0718667374769835,0.0874814678820349,0.070687125890036,0.067653723566014,0.0719678878488978
"ENSP00000267568.4",0.345216075708236,0.333865084396639,0.341309651802616,0.336877966963394,0.339841848308892,0.332232359469071,0.329857851393991,0.333107974367631,0.331057853675944,0.0921660789226374,0.104197115080301,0.0987278974546955,0.102007292349045,0.11409359363787,0.0860500568263832,0.0866387333500767,0.119512561229052,0.107915790756252,0.0920226242503971,0.088559644468246,0.0900760556687999,0.0950808171622114,0.0895577303925687,0,0.104330072265098,0.0987965379538374,0.0937498847942097,0.100352991685344,0.103077602549901,0.100954550653864,0.0969724749185458,0.127265839328173,0.14291613646599,0.106557681469236,0.0937142508706879,0.114148560859187,0.119662141996189,0.093705924829384,0.117497865963866,0.098628893323036,0.13637192638618,0.136578328684873,0.0940148016157515,0.0959794771922364,0.111765543506631,0.104587238148917,0.100742157127224,0.143774707163534,0.0863795761502066,0.0977982098587552,0.0963366983849813,0.0953993483009542,0.0925123950275106,0.108860604613101,0.120169741943653,0.110345869070073,0.0995425062868842,0.103899765962753,0.0989487373678733,0.109725631255209,0.105052497115337,0.10413466858366,0.133543895056092,0.0960463681833547,0.0891410373817618,0.094473694985389,0.111517335331631,0.0934577925051523,0.0907886429295451,0.0923935311839758
"ENSP00000277746.6",0.316269495958229,0.313298867139895,0.306210658057237,0.306049868659174,0.297067150841883,0.301491397415968,0.302262976475702,0.306462442358247,0.304804146195731,0.0821154308219068,0.093710611106969,0.0908416159267975,0.0928501559653619,0.104724165492961,0.079051158221295,0.0791348222553722,0.108933638135565,0.0951970295651147,0.0828188772303148,0.0779836345222961,0.0826031490099421,0.0868389105518005,0.0802894110946708,0.104330072265098,0,0.0893548281997362,0.0837903800754926,0.0919547516379665,0.0918461039246149,0.0916215364988092,0.0840587965092433,0.119070012831487,0.128903942902665,0.095727917770503,0.086632372459922,0.102597731525308,0.106425832381721,0.0852751360832963,0.107861915093885,0.0912662146646442,0.12447766796785,0.125510262393802,0.0865570136566725,0.0829938996493306,0.101067067220129,0.0953001014250609,0.0928701661017956,0.131084019309793,0.0812263194936488,0.0882036479777636,0.0882396354806164,0.0868097384883077,0.0831894423954921,0.0947168465554381,0.109028850871629,0.0969663640695883,0.0917900002887632,0.0976782216317777,0.0907403634013954,0.0966279092651843,0.0986948303936364,0.0961352795176289,0.114559076497851,0.0891050412583001,0.0791645598213715,0.0850562085325837,0.101849530532459,0.084250971519939,0.0820937353572697,0.08523797488024
"ENSP00000283206.4",0.291549974922282,0.292176179775342,0.291491461767663,0.291241468079307,0.287750021709898,0.284759547915864,0.280009902072745,0.285514003220812,0.2781625441244,0.0757610506975234,0.0871722120464043,0.0855998072884434,0.0870750332574004,0.0972663137354446,0.0728602044530969,0.0752639733213965,0.102110190041396,0.0908114115338228,0.0781108198350386,0.07504346359796,0.0762973938401941,0.0819779662243527,0.0757279579410031,0.0987965379538374,0.0893548281997362,0,0.0792833416093686,0.0870332412589629,0.0881965171186055,0.0855301588083755,0.0838451976911117,0.108774683454756,0.124778831699692,0.0906056565280541,0.0792506852506472,0.0949817168623856,0.0987434208458174,0.0776014353501308,0.102573393865587,0.0855214822173154,0.116492181506571,0.120381295592877,0.0814564669467371,0.0793294645737394,0.0979959450109723,0.0899233343087725,0.0891232504811487,0.122440680825377,0.0729799777775613,0.0807045210850164,0.0841651154395396,0.0825530837694368,0.0755390158595281,0.0926966576153711,0.100985815941245,0.0930065635714649,0.0869294370559868,0.0892647311724925,0.0860760442004966,0.0935241456851854,0.0925604865765114,0.0879531576508328,0.110010634103493,0.0826766418223424,0.0750378663064867,0.0800328427022801,0.0955827487429465,0.0797809323680538,0.0757446729591437,0.077917884780929
"ENSP00000287934.2",0.279068192577871,0.28136923566066,0.27596802089769,0.273113025075674,0.270080864194695,0.279722878393964,0.269683560927068,0.27065318570681,0.260593083707827,0.0739925050949287,0.085369930708777,0.0814583169693197,0.0827889475604961,0.0921244985205594,0.0706127144148858,0.0704856747241108,0.0951074059639976,0.0860169952703582,0.0750011893653883,0.074240478902028,0.07281102500952,0.0755705994457753,0.0720303138775606,0.0937498847942097,0.0837903800754926,0.0792833416093686,0,0.0807361261273063,0.0831149297012777,0.082404291896904,0.0793682621673892,0.103766592958445,0.120813587785652,0.0888374825427544,0.0764823763351607,0.091057342975161,0.0955806289970076,0.0758198545524054,0.0964808675598173,0.0803058652471693,0.112668979673906,0.115378418101923,0.0778832705270027,0.0766403086133618,0.0907520637478115,0.0862452892073625,0.0837598446681783,0.114900380839486,0.0710502916748158,0.0781762775624206,0.0784920319550606,0.0791437914721902,0.075131439796482,0.087643151942369,0.0979859537397933,0.0895263856092832,0.0806995955971946,0.0838722681516705,0.0818258223095014,0.0887647703191124,0.086587524223744,0.0881798216029467,0.100911436519767,0.0750098432520218,0.0735440292028125,0.0768487943452963,0.0916339887452528,0.0759415835589398,0.0722300979961141,0.0768477083019574
"ENSP00000289902.1",0.293577906174137,0.301624273419598,0.290804893818696,0.29207409989335,0.294101678659138,0.293675402129423,0.287191601619293,0.29473180277636,0.292085421684543,0.0788534753146678,0.0914292059894559,0.0866394880003534,0.0901544668244348,0.0981941989721817,0.0759827799506347,0.0754166402634347,0.104005074452409,0.0938751983092029,0.0810267185007451,0.0763435689270589,0.0779809756882461,0.0816379785429323,0.0769328661002055,0.100352991685344,0.0919547516379665,0.0870332412589629,0.0807361261273063,0,0.0896585466067384,0.0876103041346695,0.0846688505979875,0.110612639212335,0.125212714169025,0.0912805094842541,0.0810776486367934,0.0991816396068283,0.101352422333974,0.0805982953336038,0.10589184915004,0.0873075671731925,0.120833062147844,0.11917150417018,0.0825881666768326,0.083348759005559,0.100134091820541,0.0943739115689861,0.0904094837722498,0.123136864777038,0.0768302130294596,0.0840402821062306,0.0837855780187557,0.0829368765982586,0.0785468592216228,0.0948162443901276,0.102993531707757,0.0930074608572376,0.0883552004625259,0.0911373299526746,0.0890838989398268,0.0938862694873862,0.0930786921887205,0.0920210675705205,0.112120741908534,0.0836096285050016,0.0763422769305261,0.0811231272991579,0.0981442195323596,0.0801110749494077,0.0787486178887168,0.0820356133999347
"ENSP00000293373.6",0.30624755576098,0.31052661811334,0.305492068939429,0.305979038660097,0.299546784327005,0.303978451430472,0.298002961786153,0.306933599030653,0.294416632922245,0.0800390448690576,0.0949536742713815,0.0898012695768508,0.0948260008319564,0.102623947218151,0.0795699606640596,0.080928105340396,0.108365738144359,0.0946810043907788,0.0835478275947401,0.0785484351359685,0.0829345971866598,0.0842812178753738,0.0791052697797122,0.103077602549901,0.0918461039246149,0.0881965171186055,0.0831149297012777,0.0896585466067384,0,0.0912790370685415,0.0877141111266831,0.114978999152793,0.12812694963231,0.0956109929230834,0.0844265995466049,0.102230965477266,0.105416157109571,0.0832380961661059,0.108676094349056,0.0894271797265732,0.124104523263134,0.124654019431387,0.0861698348212629,0.0853552831625272,0.0983385730615511,0.0947129356274272,0.0934515583018896,0.126930623581962,0.0804062684187888,0.0892546663416715,0.0878678868705105,0.0851497997340119,0.0823279059794741,0.100356649244753,0.108674067788069,0.0973468104979953,0.0918094386549108,0.0968326863886596,0.0923457632045186,0.0979529289422869,0.0942852929517345,0.0925646550261541,0.115806776558439,0.0864339839559724,0.0798499696076372,0.0833336655049962,0.102058708607134,0.0821534305630957,0.0798571608646699,0.0852754210228051
